100000 1000
3043 20178
41659 37784
63148 60901
57035 35198
79953 17022
14405 81563
17372 94198
95871 59427
50124 58180
7359 88906
64204 81706
67967 90630
71250 88716
33274 5618
68081 99995
20406 71920
59131 61200
65006 11942
87126 82292
91706 15913
44345 14044
17117 77303
16292 23410
79243 96894
2138 25038
24021 29754
85244 51299
47571 1116
37154 10550
87052 83974
47096 74634
51301 18674
41012 90615
13092 66962
85232 91320
48959 9587
58152 61315
49510 86747
75729 63668
16682 46609
14771 79587
75752 38555
97573 4436
81814 61186
75492 32141
28265 77843
27023 23841
19777 45855
29346 3307
12049 67425
64973 98551
35054 79391
39761 69818
17204 98570
95350 61729
79568 41952
89836 98791
91661 34001
69916 21761
80318 19710
17481 10867
18117 33309
23753 74917
23646 84793
78714 26960
70603 55959
62627 25555
54812 4243
3528 89698
27642 21737
67881 76990
91473 97679
3416 83359
42232 65023
21525 11565
2782 38003
23847 55118
44883 81065
52313 45722
90640 4294
60463 61963
63812 22551
65604 64240
85691 69874
95074 68129
21997 58843
68828 95820
60769 72194
68811 31406
49404 73290
72643 6237
89258 1189
59666 80802
16392 93307
44021 30212
64971 67209
37494 73343
77584 13925
80869 80468
70465 83104
66610 39930
99841 261
49413 78482
29236 37534
442 33176
93742 97493
38972 92149
23319 5432
82045 77202
88503 1526
59759 89351
22308 63750
92674 41969
37540 70086
36507 71073
82881 51137
68717 2225
85321 86570
41814 74770
50815 13349
85944 65122
25922 44901
37747 78329
26551 60976
96924 71170
82741 2558
17308 79782
9709 83488
7432 67779
16884 13502
31224 46940
26383 31225
84037 54571
51514 71663
73284 70354
49877 59548
95706 54094
62731 4701
88763 31276
73376 25776
30596 66070
92758 3512
80208 2342
13980 64093
95866 15931
63220 22064
2545 4073
22175 27116
12017 4875
37224 90615
72451 89267
44234 51176
69779 73602
72926 10370
8778 48564
64228 51166
68456 46354
74286 56840
13503 75755
85796 93216
52559 98620
599 69153
37273 71660
50470 41406
75427 42677
89254 44583
98951 6972
98610 42763
20216 30306
74639 62072
19090 467
6489 25405
10364 91483
13232 70769
64541 10040
96025 89005
23192 16171
37938 43700
88070 28008
60950 9267
79823 10925
29833 86690
5508 86864
26497 458
47260 62448
10065 47137
11912 24845
88371 98449
58645 88180
57136 36920
28894 90643
62287 17416
74412 50155
83481 75725
99595 79011
36421 84303
29385 45112
82213 97901
17678 29234
35051 56330
38259 28530
66297 87876
13569 55464
38532 830
71750 33794
57476 20704
24982 93086
89467 53557
66364 15776
16575 23634
4284 73663
45798 91318
75558 59961
23309 9164
29689 39911
73093 79501
94898 93452
69658 87459
41071 9222
17025 45641
37988 74471
62750 87150
86521 77534
35183 30776
77310 17230
81849 97796
64172 60096
46509 33100
9498 5364
25334 97186
70776 33363
87553 4057
77740 53952
28073 68546
88231 17517
57375 26516
76546 30665
34995 2085
47322 97527
34497 66485
63621 27738
57050 49674
45872 98796
45422 60341
67192 67982
26355 62963
2081 762
15733 55536
79093 26932
14234 11878
52316 2047
87152 45892
44117 10283
84374 70634
76623 52140
67812 75728
88198 74439
61528 62629
27133 67269
23645 62869
63924 93034
55257 80164
34982 63455
51412 3384
96834 46251
29505 53011
77668 45696
87114 71965
38000 92818
96380 67424
25002 21506
57196 77837
49684 95129
36484 55452
3845 34480
70799 27792
57763 86348
54812 95449
29053 11527
15954 42803
51015 53225
57681 62668
72562 73270
77888 13347
66439 80993
24281 5996
68000 62110
67533 76368
98340 34452
49525 9585
26749 97809
85046 15178
40504 120
55376 31349
29688 5750
52323 53511
37910 30195
85023 68886
90201 10947
41447 35002
84623 59868
76064 47089
96805 18145
90811 30237
70953 64765
38269 70696
71289 69644
13416 17000
94119 17171
81288 39197
50764 35696
56796 6134
59558 11436
24606 11828
68495 6540
41201 93767
99803 90759
48390 29780
21102 43602
33355 96248
41335 8087
29201 43142
89997 79332
57880 37388
38181 88096
78969 42036
46029 55704
879 41734
54248 18904
90595 25931
17606 42933
76883 47852
89247 25191
5983 77977
37229 38516
51600 66597
9987 19206
42756 58766
47085 22879
74554 68731
95621 79491
2870 91103
29295 9716
7282 35450
22642 44507
78722 50942
31700 14210
34274 87822
54608 41086
75326 42339
41207 48778
76349 26824
42048 69871
10123 87653
50029 44351
51234 58266
63932 76961
63381 61345
28646 86790
83384 84213
71191 71674
62095 74066
99403 62262
38897 37778
23714 48051
65560 54038
21535 78233
50984 23206
77123 43189
39802 8751
32544 1513
47237 3211
4701 82845
30695 80639
58630 47251
90517 91165
49292 10744
58621 66410
54816 55958
39156 98138
70535 62055
5569 28407
67931 78789
58149 36129
71039 45468
16005 84079
83612 24800
29813 18163
91420 85083
96867 63452
44706 93982
72637 76021
54692 73657
48352 32299
8999 85510
7903 24043
82582 87584
71788 47722
23358 93073
94982 28318
42184 11912
61279 82122
95188 98890
1800 51159
39150 69855
50427 9021
61904 34477
4453 34977
99924 13410
13390 54776
42132 11978
22502 78058
15648 30817
3278 44818
35643 34850
18592 17282
84371 82590
12732 35619
54075 1129
29617 51865
27046 7246
70820 56805
60322 37090
78815 39141
14287 51862
60409 86678
90619 50214
34398 36729
26811 24046
87387 65843
19688 56573
40072 37071
67923 33889
850 63006
5318 62562
76964 73983
35449 29739
53649 6457
41326 92514
66401 84389
3082 37721
80214 72488
60272 8829
46105 2270
27483 95596
16326 15603
37495 42115
90641 9802
87165 49429
3539 95329
74217 55000
57109 95179
94074 98202
39383 60477
33158 40529
83838 63397
29815 62063
26392 11987
70918 27124
95949 55515
83890 50974
50820 98387
34077 15579
34447 71896
99908 97407
71956 79373
43513 31505
39928 87587
10174 82719
72874 47732
68191 63603
26570 87208
55661 87677
96404 93051
57907 52687
1165 8342
3031 52360
99944 61530
45902 44456
53494 59131
96988 12802
15208 55465
40136 27503
61186 75017
89560 25247
15389 4258
28781 98603
34073 98164
30813 81222
13534 78819
39625 36082
23213 3026
66043 70958
44520 65257
46974 89677
30170 99257
76378 20610
4004 11478
93482 97079
2917 55203
92316 86301
38406 34924
74628 82654
34271 81420
97821 64878
82345 65903
90974 46080
44289 74578
47060 59701
27638 37031
161 19215
20143 10580
16529 27459
36956 42331
35957 62733
92407 25108
10303 75358
69910 97782
7928 64272
34769 33236
28577 1626
39338 31556
17444 1982
80510 76380
28534 62336
34022 55958
80747 52210
84490 60946
7126 74378
23939 22169
58684 98421
57803 38559
62996 77860
87876 20227
18141 3365
46113 46097
89628 49069
64533 64454
560 95664
89942 54323
54867 75571
91245 52506
52400 30169
66909 45269
89756 74298
97518 96503
9491 75122
65845 17898
67951 2421
19074 21495
82791 79904
82693 66949
6562 32427
53661 55512
94870 61530
51903 15066
13346 67731
8831 87352
86436 87882
46526 27235
43415 57879
26961 72567
80653 41577
1769 14296
11365 55444
81284 65080
47882 80774
15792 54037
25895 16888
16695 86783
12650 5376
39212 11991
86068 79395
70032 16595
13370 84103
81056 32255
47228 73254
43967 60445
86080 83902
29436 3853
7722 23366
83680 86663
29753 58811
35094 43333
76033 68313
57111 96734
76512 77381
96305 23373
82015 67975
30675 65040
52360 15605
49463 19052
33279 94090
34509 12430
46494 36725
62816 83308
30608 78542
19656 51978
45610 20963
27755 95321
72897 29649
6416 94554
59724 7790
44898 15552
38231 32387
54333 53139
56576 7351
12024 88048
5970 30631
95215 33262
16892 22258
50411 3419
63438 58160
34192 86405
20207 55938
2404 31253
59229 49220
8599 1782
78082 35775
91731 31028
84783 47068
18081 1183
50936 69683
73653 68366
96779 81761
55864 35776
99982 75480
50896 30877
19445 23408
34606 54619
82845 38139
12467 22718
6792 12151
78080 73783
36789 82748
345 63437
95195 94325
7412 17976
73186 97035
79108 56105
22014 59229
13597 136
87432 97260
76419 69910
69019 51411
73940 62929
75112 25811
24430 34198
35895 21772
36510 32192
10651 53448
48582 22862
67952 73330
16330 17699
3571 964
46040 423
57726 83710
37009 96715
72638 9938
25240 25002
50771 60251
97878 91531
85412 80750
36360 84354
59453 49577
75910 97334
81158 30537
30000 69789
93473 40152
14583 4900
99743 70242
64517 89931
99391 69384
47370 28909
5764 89902
47428 74237
38994 85007
76874 396
55877 67760
72181 78535
33678 38930
35243 27836
21356 33441
12074 8573
84866 22537
42094 71326
36602 12425
79679 52313
77110 67775
49594 90545
36654 88163
85433 69299
80395 66736
87330 1560
68895 61213
11753 60007
31423 6249
34147 11159
55839 48693
18184 49554
77800 34923
68643 8054
16792 73436
79226 7093
17206 45384
46005 74044
1904 75094
96781 25968
36275 61668
28946 17620
40614 25688
31288 16071
52964 81492
20095 12267
68532 62888
84638 77856
45094 68194
46156 49583
38957 87680
45802 78787
93939 22470
79728 44113
63325 58699
33395 94104
26685 12398
38287 24867
8526 25734
59447 68300
79567 97047
58262 22267
18303 30656
8769 10956
27601 94128
28123 33230
172 75353
46916 65095
13154 29278
77215 98677
27051 10694
55871 32591
80029 6578
7693 84522
58730 7819
45656 52248
62615 97684
49274 16139
53300 28895
86531 77400
83580 79195
30693 54006
58027 52043
6107 47237
33207 72466
40534 89675
97676 13291
37093 49305
2888 30325
49472 71181
83760 93162
27761 79409
39149 82577
7904 92192
80295 49802
43066 84297
36124 31271
28189 36684
26876 83642
46243 73569
36068 88168
424 69464
25622 33917
64313 95098
87985 92762
81787 25839
59954 11945
60949 25113
50279 84721
18716 6142
87468 56260
69113 7843
18948 19222
55704 86995
66453 73673
12176 18047
86656 1475
6538 27903
93307 51457
1648 4567
22253 61637
43475 22485
24582 30154
80600 45846
51416 49720
1697 17736
18422 83571
50388 70730
44136 27310
13418 94608
53704 61341
2006 61027
38556 90792
9263 55045
43600 10427
81852 60018
56943 86426
97851 42914
37918 19698
24527 57098
43605 19275
25924 17539
83291 48825
927 9890
78941 690
96230 27814
83466 1050
92169 14097
15406 76858
47916 29101
79785 79503
58515 83984
4876 50750
14505 44986
28719 33733
91020 56987
45745 79437
76600 15314
57549 90267
76814 47472
30070 54662
39585 16474
64943 19939
69246 79821
20425 65693
44981 11772
58746 68800
89416 73173
83382 61332
23727 93827
91949 63622
21701 10412
53313 29922
41202 41273
79554 1725
6454 35798
2439 95151
57903 10320
16203 56894
10311 10235
70658 14325
90366 3446
37431 67859
43823 24486
90052 15328
81633 926
68012 48283
87468 62624
74456 36430
32646 27166
57804 24067
35818 40153
50949 19280
99203 23627
72722 95917
49882 63776
44908 35974
82650 89406
30772 60620
77436 22597
67559 87847
26164 7953
43424 97862
82903 29693
34346 4022
46023 14690
73152 2800
75773 10014
39428 43533
26930 89839
39224 15573
62698 60958
54492 44373
9406 44024
90180 42863
96676 85015
37781 83371
76476 49536
47453 55340
5529 18374
87724 97021
52363 80236
23442 2698
27909 4455
23415 77418
48784 2561
75697 81850
84043 7674
60389 86598
2749 76905
57021 69472
56025 1409
41346 38194
4972 22383
4790 37872
29063 39231
87121 51047
11491 50462
68758 52083
30677 26137
60242 75660
41936 48261
94000 38847
11314 64408
66043 571
13836 38901
89489 386
79313 14053
13761 70400
54618 69856
51489 99704
43283 83756
8334 95097
3686 1500
29792 80623
49442 72985
57417 86838
74311 94526
68523 79370
10417 1309
5619 73658
17311 49951
97174 78266
32287 8905
32390 82744
12535 21946
37744 23878
71538 43792
78742 67638
13126 18187
54116 86788
6974 33033
15601 45964
20361 68145
93908 62397
70718 31883
87776 29702
98217 72332
81726 39436
66295 16975
16358 76605
27002 1631
79481 70111
54873 60369
83005 91810
15672 67726
90294 11380
70431 95087
60830 30803
43977 5089
89537 90333
30219 99847
73271 49859
1567 5727
36158 54652
96909 71613
66484 38966
80725 68403
96782 2407
97435 67666
18776 93697
16559 49738
7882 11812
46071 6317
69442 43886
88476 94098
32836 22446
83886 77302
6187 3638
68149 11357
99306 19502
90133 30805
54372 54916
27645 44539
50180 1761
45804 48151
98970 97944
92416 46275
10803 58808
17884 9193
33204 94753
17366 19210
90290 93363
27610 32410
42512 31969
61918 88745
36214 9221
45188 18909
55307 42253
14949 15003
80144 64275
27712 80964
1000
36760 17386
34143 79036
14855 48308
88289 25350
68069 71408
15018 17898
79167 18705
68964 93945
21659 54954
85519 83432
55446 34086
72300 67992
63004 15380
37794 89974
95364 64223
42923 23485
58885 67195
28703 19385
63864 35803
64635 38919
61259 81184
87181 36281
41407 58604
24542 48853
47904 35413
40220 65565
56094 6389
34371 13193
9804 18461
28296 42896
47892 18890
62562 13190
68981 40336
87061 3679
66587 38707
51548 4786
63866 11636
17618 81689
62694 64584
84093 3988
63825 30629
84664 86605
7938 26229
94332 32982
92622 36941
28170 27502
22486 54840
15191 22819
57469 44012
49397 50450
50244 8318
34362 27370
87173 62736
13902 92430
9352 35273
42998 84633
4740 16254
25464 41499
12246 29836
99339 34
67863 47495
11997 52116
80093 55820
46752 86776
26865 42707
1874 52085
18440 88064
19335 95154
60864 99097
54613 35741
41240 24658
17884 42471
41357 18532
41200 8972
30317 38460
68772 73232
66554 79055
92245 36709
66493 13995
67248 11657
96355 82345
17857 33773
31385 90399
83193 38576
96831 71602
11227 39273
5996 89992
18019 51300
70719 31259
67187 46339
90781 69802
68124 31110
98571 61322
44101 56166
5897 28217
89531 58011
40041 70099
30806 3293
99307 59965
44867 56231
45687 11903
55059 1719
13047 8591
28767 97714
80910 10248
82838 31621
33816 68250
3045 86663
58847 84346
12066 68186
45239 58458
52949 91760
53495 68020
64324 84426
85588 57311
97497 923
28060 59844
53362 38859
88972 52523
1765 92247
78511 36174
43437 7350
81299 79407
1173 54295
89961 47493
34464 96582
67065 56210
22739 90509
70336 42320
92000 43095
57671 59689
11696 66736
24001 67526
86955 4968
43456 48543
59047 38998
55221 69394
14507 55321
62114 94383
46815 26
12126 50287
658 60845
51236 71172
92519 81142
23480 12012
5341 13481
45816 33343
82714 1353
2586 81576
36883 35186
2120 79569
2011 96787
88308 40438
16005 25874
81625 87420
50583 78420
27793 7226
42541 97588
56173 17557
11591 54320
92884 65770
29745 45795
82330 39237
81581 72236
78812 56782
29086 79598
82646 18563
17971 13265
11041 85312
20047 45287
7948 90587
77553 67240
91766 39084
76965 62846
16198 61961
29798 10269
10535 65584
46670 26986
64995 95806
2971 36028
25146 95101
78912 58272
3199 58681
93445 66902
47759 96339
91164 77689
24399 45455
72002 7068
41474 744
80557 38832
7492 43812
54616 26754
86533 49442
80200 53921
72037 71375
45978 85725
79560 65080
79180 58955
19671 4761
53956 49221
6355 50516
98337 99694
13206 75486
75260 54995
41800 7539
31834 41677
62842 29961
56625 78468
94307 4450
58996 26669
62933 86428
28093 79059
39035 68675
37143 19252
44274 13894
65285 71266
800 42726
84017 96842
5397 49866
92981 59633
90077 45296
38528 66330
24190 69150
87206 13189
7733 8182
89798 16274
81703 45544
48441 11938
33190 80930
69460 38878
91075 80995
93946 28561
47435 88909
4930 3568
78303 86296
800 50203
33748 93347
95730 14203
74787 66149
44617 75594
15629 85730
24562 65203
15215 26361
82336 42286
68926 42714
792 7214
73952 35093
58041 37462
73063 88813
84582 66885
51946 63468
52241 14227
51969 85968
63845 59859
43741 68355
37840 24312
37217 6056
39147 45940
1153 1969
61576 6108
2358 8078
49335 77287
76763 88159
75700 64597
49640 7755
30001 37228
87752 19657
92316 71070
80697 1243
11948 31270
57471 75835
78669 62033
82245 41230
71046 72378
76529 83861
82275 69486
50947 10082
1508 24238
77834 39943
2017 13234
89827 99722
65848 64778
27663 95605
6069 19616
18063 70121
28125 16538
43423 12883
40758 56987
63020 83191
54198 98281
57619 34793
34919 21865
80088 83130
40884 64678
15839 2639
12627 66257
50891 2318
14511 90242
26769 79858
3633 98141
42424 98429
97098 31344
51759 88429
63263 99481
30986 7047
76369 70436
60443 98416
11015 54321
82729 85531
46139 93236
55280 30620
77663 2422
85012 36571
58986 8409
73507 16645
44002 98201
23271 25436
79431 10990
94724 85262
52250 44142
52628 90019
53736 3471
70908 68015
30071 30058
49803 13160
81612 49179
62543 6482
15063 56645
79699 31414
20924 93459
34201 63377
93438 78137
99536 60777
5193 17880
34802 38106
81436 89120
8029 11502
9810 7472
88204 6603
63308 58137
29905 46053
85820 49280
83441 30261
16016 33442
79196 67490
1338 60563
72583 28924
71640 97887
14280 92520
3780 20753
27021 26036
35962 93809
77818 41484
53313 4552
65021 51397
75800 6592
85455 51511
38111 48871
60266 30376
17055 80754
94114 47523
23895 25725
40833 12456
36324 47760
16770 73597
80908 5726
8169 99042
91975 95175
21950 28321
29578 30941
75748 8036
47121 37028
67034 40257
6920 89267
70446 79633
64407 69751
28537 478
20744 50966
82075 72122
49910 20528
39187 12076
948 93666
42042 39046
4662 82725
94045 40274
87264 29907
79606 92682
95946 27658
53382 42631
74284 2312
37425 49298
53932 98550
75221 81462
39169 4098
66024 59702
39331 26532
8014 5210
47249 22082
75124 73317
64798 72079
16748 71810
49400 95598
42565 49405
17751 36052
58630 21486
92895 39659
61254 84591
79666 87443
79211 52591
74421 3844
23518 3327
52413 66574
58983 64746
20502 49697
84779 49378
98320 2600
74398 23797
19878 56784
74342 46271
22700 15751
70606 23352
21300 71744
74243 83662
96317 65331
89679 96077
56089 14144
14191 23483
9274 33364
8723 98593
84280 27428
3282 2563
18081 99030
66728 44688
76030 29760
5933 48596
72157 72584
92850 15371
38816 46090
14427 1745
35650 60248
90867 90037
93345 70971
40209 95180
13805 19800
93478 67393
30379 39214
83423 97642
16742 44604
47165 47478
94771 60192
49518 70914
82687 25785
64871 60491
5879 84494
7745 4093
55059 19463
92334 47338
24673 27513
45974 10711
62058 72160
99122 68528
42274 92900
25476 97692
46417 81694
73105 38603
68601 1428
64316 87851
43140 23296
37057 11130
38700 17519
68042 29622
40038 29893
98289 22832
77420 15517
94707 55872
12613 68366
74605 22065
60147 35690
27510 7037
39480 89344
71609 20723
69638 49057
6701 25620
68418 16575
7474 59358
62068 96242
89419 72512
22478 53620
32466 45260
29942 55820
188 86762
82770 22920
51147 4265
94959 79395
29770 90480
99758 43046
35304 74739
68908 75434
51668 45121
15372 49340
29681 70938
25507 39418
40054 52510
52863 63738
78565 86721
16277 86921
68069 69114
26854 98672
34175 1275
78701 54035
84274 35803
16647 63988
33715 15694
40159 7892
80324 87414
49846 95130
49711 43187
99468 6956
81088 23318
2765 9753
10813 73171
37179 42745
39522 52789
40339 67276
60765 73899
78143 38527
51203 56064
35160 52430
38445 62504
33397 88675
93458 96342
79636 74204
44898 95755
32996 27051
36029 87914
92301 52503
36334 14246
9916 97503
99175 6908
9615 89055
49946 91613
95705 17835
34961 37060
30643 8664
96490 79686
83872 9370
87347 19879
20347 64552
95646 3464
58718 82332
21697 29950
60465 10390
29517 92351
91726 10688
81608 75702
7693 6956
2153 66966
1137 68154
1743 89994
39438 7286
66463 32907
39861 14494
88345 37675
41629 99777
24438 43822
77552 31426
9567 74104
45967 58780
29133 22017
78499 4575
93080 44037
68257 96409
24254 69913
48409 17617
98419 2136
45147 91756
4831 34779
25895 44978
35257 50983
50096 73674
14974 37535
70603 76962
15949 26010
59994 42603
25570 66640
38767 43745
1005 72719
52831 96553
52782 9834
76262 87859
5744 21616
20848 20382
31423 4474
77611 81626
87783 64190
16135 62505
35018 87361
78214 48863
75390 75754
85830 5641
45409 41841
10344 96170
51225 78070
60 9952
37325 19501
75723 72740
92889 27639
92320 50832
94002 32045
40980 97660
97207 99797
90230 8673
6671 8055
69715 99486
57381 64585
55943 67609
9757 10791
97664 10781
54930 32222
98922 36513
38477 99175
39389 52650
88068 32945
57216 59719
28461 91159
95992 11225
35869 99345
94001 71158
76577 56550
47623 52419
64408 62366
3089 1566
88043 17110
97195 64030
37962 87565
95007 26834
69605 84667
65104 95014
68707 69794
29026 709
52674 58428
10121 30648
59948 94260
51692 51820
70035 20528
44437 59345
9769 13900
7129 61022
60158 40546
58143 21042
8822 58373
38958 65974
67622 57294
21271 37567
427 30221
64028 44879
39624 28321
85435 95866
9018 80898
96380 55750
28697 54395
51987 94220
60397 39382
32209 36284
92298 73872
38509 14813
19882 59307
96907 15025
95014 10498
35751 10646
44625 84151
448 30665
89584 34664
15364 50982
59034 59841
67571 45738
44744 59179
43378 90105
55672 42113
59663 96988
51972 9987
61868 7298
2010 82851
74154 28391
50744 25661
26260 58610
84039 4612
15204 94168
30641 36919
35093 11102
44799 1395
48935 30779
67955 26178
62089 95068
62302 84785
43974 47522
36704 77279
85838 68550
39578 70097
98944 98044
96049 88226
25425 65685
15042 38104
54491 39870
54748 78450
3653 74758
1278 91709
46475 95869
38190 89958
18122 72632
1427 38442
33642 15793
76496 88968
73160 39628
67934 16696
52191 24436
9252 45718
61811 99171
56022 12886
20313 62784
96583 42267
23014 1699
8972 1315
26963 35028
74414 81562
87786 70354
64619 54735
11343 42319
84586 91651
56238 60728
64090 24989
10141 43315
98854 55131
66413 55201
44502 94308
45331 41827
31589 78776
58061 14232
90843 87112
60339 25604
58311 36354
35004 81997
18458 21541
17226 64287
29122 58643
4275 99440
7041 89412
29197 68509
20490 92343
24437 56434
79288 61700
89051 50025
16811 30989
79118 69610
47904 16786
73312 87569
72555 89507
36245 12430
77876 29296
77037 38309
53131 15229
67532 98933
84137 46321
29219 3190
11908 47118
46876 54203
34991 14075
7879 7032
67276 33628
68860 68541
60815 59363
55980 85984
66384 75168
77929 36120
22796 69748
76910 5317
19193 12483
58764 53326
14244 73448
35347 67106
68297 47426
72921 76928
23470 64684
30154 93746
26109 58763
70028 18388
64732 98208
99789 211
45002 76797
90155 58352
65304 43540
61216 10499
98625 63819
93545 74044
2504 2828
1937 12421
70221 5849
77694 72292
76715 31677
35864 11133
21137 98845
46577 68979
57466 10157
84726 70895
17100 86847
52912 51801
41866 3990
9783 67267
1718 95512
33172 32422
60935 99714
60433 804
97186 91510
72448 26508
43928 50320
59589 35739
60508 50998
52928 99328
29951 34381
97851 95448
17162 62888
5900 30424
23383 73212
21831 74377
7213 12783
73892 75054
76982 7790
51240 5601
83134 58686
13875 42747
24522 32266
98117 84818
4115 85883
34893 62492
13662 21862
88496 52242
20473 44030
47186 33296
68531 94443
62917 11673
27161 77971
2219 33624
31561 23892
77641 58913
2837 51891
24106 16789
84501 44495
41292 43557
37545 68751
34924 46765
15754 94714
49129 7906
12780 32965
887 11174
43987 42246
18595 72632
23854 89800
45630 91145
32340 89975
78312 54568
85753 16699
79578 68064
57805 53538
74831 3799
3602 32374
81872 96887
23993 84238
71259 67786
40088 1823
59215 4766
53353 50675
60151 57288
64033 70962
60432 24420
12875 65533
21881 65179
28097 87034
1782 86141
31046 54792
86241 15822
42019 32980
68718 49693
64797 11525
25112 60463
27567 32850
26253 60315
51210 82964
17044 85614
35845 9622
60278 2926
28738 82664
50896 62268
95870 45490
45811 34515
80500 19942
64726 80525
30128 94542
29273 13444
10955 14085
61526 65429
45896 46401
50566 57025
65865 19182
63310 89518
76047 9238
51044 16747
88684 83484
53505 86960
29894 25545
58085 49699
56011 25693
67714 27639
84556 34183
53798 96175
99063 98672
8680 25761
12117 241
96014 15189
23580 1765
76089 41644
74418 57721
89998 8094
15519 3711
78881 40092
39917 5026
15520 83156
6463 86164
14073 28690
49419 59587
5481 8547
74613 7435
56450 51125
88874 8869
66808 87227
63254 49948
73513 93613
35586 55840
82151 15532
89165 24115
64003 35458
49766 41473
17527 54888
13795 82926
29487 97857
92705 63879
90293 35844
32345 57434
17369 25911
3707 83201
36185 13078
21770 81145
10258 69299
23732 48625
37379 21784
74156 2750
93499 10856
773 29579
43103 66211
68589 47758
49337 96776
89155 10742
93119 98932
33303 64544
93439 73097
28349 39337
47557 89323
26158 84862
1513 4035
91739 63183
46488 16134
25550 71266
46941 368
87999 69699
75211 40554
8911 79545
10218 23467
78629 15124
54683 66138
51747 20610
17674 70417
49156 80514
19279 53597
3572 70864
37313 482
15244 36926
99800 93116
97512 32131
99325 46208
87431 58445
43088 58016
62367 91859
29781 58030
45562 48773
45565 25144
98768 87685
54316 27921
13891 13550
21900 50033
18225 690
43534 81362
